    0 4.839334 93.893651 45.255560 0.018539 107.729439
    2 -11.948519 100.535475 -18.137869 4.553974 -119.562366
    3 23.216602 89.262543 54.163225 10.471985 -64.320321
    4 23.719722 103.838753 -12.592665 7.897833 -94.767955
    6 -40.344207 103.457625 -8.016722 2.050867 -153.838991
    7 9.789256 63.770839 -6.013895 8.210114 -59.610898
    8 10.912818 101.334131 22.249504 7.947845 -28.443104
   10 35.554066 104.249519 -7.983457 9.710086 -42.958795
   11 21.691615 101.456701 -23.664480 10.035148 -113.770348
   12 -20.907622 104.126807 -1.909886 4.082868 160.652311
   13 16.626849 100.061701 -28.145897 6.497953 -1.895355
   14 39.511999 90.664446 51.208741 9.190190 80.082436
   16 5.739398 103.453945 -12.863042 5.721643 -149.642284
   17 3.966382 103.167473 16.037781 7.066139 -112.318005
   18 4.218402 81.408504 65.408442 7.843726 -80.287734
   19 6.358269 98.493655 34.769067 7.163248 -160.334724
   20 20.696785 99.074166 27.837914 8.250078 72.796517
   21 -38.142600 96.874544 -39.258123 3.801325 60.644914
   22 37.286225 101.494391 5.667962 7.777780 126.830935
   26 19.836490 98.447972 -35.197273 7.625038 120.077062
   28 22.721673 99.230462 31.141293 8.507478 -21.634560
   30 22.922652 86.159155 58.758630 11.227207 76.331604
   33 -13.239667 101.719522 -22.990237 4.474459 137.768398
   34 -36.652585 99.101067 -33.112016 1.824847 -64.671565
   38 4.949953 96.707921 39.177549 6.452917 133.860992
   41 -18.349317 101.949319 -22.753979 3.848021 135.804609
   42 -15.115099 103.083203 -16.310722 3.927068 95.593310
   43 2.081120 102.631442 19.783274 6.853953 -168.643570
   44 -28.311370 104.443712 -6.309086 3.972685 -17.247427
   46 -22.583013 103.569878 13.614117 5.112405 -13.293780
   47 21.019359 100.083640 29.206506 9.668059 74.044529
   50 5.507424 103.923760 10.476547 7.760148 -88.049643
   51 -18.515977 89.297531 -53.286055 2.808001 -54.055031
   58 -28.048534 104.216781 4.726247 4.684312 121.840177
   59 9.641745 102.376845 10.509747 8.148859 154.243944
   60 34.938978 103.936551 -8.491479 9.893105 129.638300
   64 -36.519314 99.214479 -32.413269 2.892390 57.302613
   67 -11.398843 89.893786 -47.342774 29.728445 -2.331968
   68 -12.443210 93.490066 -46.313401 27.690789 112.656618
   69 -26.194433 84.666319 -61.036427 4.763428 144.638656
   71 3.674343 97.881902 36.264074 6.534191 143.920409
   74 -30.638211 101.081246 -25.860447 3.043629 158.879923
   75 -24.917371 85.969542 -58.429657 1.672619 -30.759761
   78 -50.288623 74.936840 -71.715226 20.942055 -14.897073
   85 14.524832 94.940975 43.758645 8.781535 71.901274
   86 10.709564 103.646164 -6.439599 6.224096 23.063691
   87 19.051339 86.715867 57.284168 0.050894 -171.816196
   92 6.591102 101.949352 23.194268 7.157668 -7.110205
   94 12.789103 103.558308 4.759472 6.590512 55.683682
   95 -1.731949 103.516730 5.690334 6.497476 -131.931989
   98 -23.604122 99.231091 -32.298640 3.499111 -80.419087
  103 4.687401 90.398300 -52.145081 6.139206 -139.163813
  104 17.570160 101.084979 26.041673 8.566193 121.899188
  105 32.417486 79.142577 67.657535 28.965850 103.531065
  107 -28.277545 92.091907 -48.316260 3.626065 -36.221294
  112 -15.025316 88.804190 -54.272842 30.153068 34.731082
  115 -4.103098 103.265614 10.404660 6.468157 -136.018121
  118 -28.747884 102.182316 -21.592453 3.154646 -71.267400
  123 15.276822 98.858091 -32.844956 6.531799 44.820678
  124 11.351222 78.846392 51.773152 9.323303 153.369129
  127 27.146009 83.844764 61.995878 9.282698 -70.480763
  128 30.868491 94.390812 44.565315 10.814711 136.628728
  130 -24.029292 92.084500 -48.619587 4.234021 171.795685
  131 -16.246220 102.557557 -20.853002 4.460754 53.449439
  134 14.613866 92.540212 47.960143 7.889639 -26.539166
  135 26.259904 95.139939 42.783658 11.455614 -43.836239
  136 12.360551 98.856563 34.042101 9.365822 -150.628144
  137 52.232434 78.320596 67.838284 20.641171 -14.195878
  140 43.606761 95.443212 42.303395 7.849917 -61.784234
  141 18.940211 85.179271 59.987201 8.546329 1.128550
  142 26.028059 92.740151 47.028841 23.516002 -95.605522
  143 8.804941 89.342402 6.429083 26.748784 -37.354456
  144 35.991687 92.294960 48.729129 9.251564 -138.210599
  145 3.684659 95.582466 41.327306 25.449306 159.003936
  147 -5.830997 100.259454 -7.628524 5.045207 -136.092043
  148 -8.409261 103.830877 -3.790201 5.106290 -68.486038
  149 20.329702 79.907264 49.368302 11.422354 41.862631
  150 0.810614 91.823324 -49.138600 4.791971 142.394963
  151 3.148259 92.705078 45.120026 9.547156 -39.937370
  153 29.421916 100.375824 28.975951 10.212191 156.596145
  157 -5.786952 101.131231 -25.765549 4.931556 -29.645788
  159 10.929506 98.536072 34.499160 6.262486 -60.552046
  160 4.239916 103.676745 -10.407987 6.567992 -7.769171
  162 -29.940026 102.588951 -19.922555 2.788685 94.420180
  163 -6.038618 100.521707 -27.347472 5.181159 -92.954709
  164 -14.272248 103.715016 -7.868918 4.691694 -130.710784
  166 5.443489 102.199746 21.161943 7.925038 -122.905169
  168 5.225967 94.975169 43.207009 9.038646 -59.385476
  172 24.189101 98.480419 35.093340 10.155308 167.407280
  173 -47.226564 82.140824 -64.557256 5.088242 1.667284
  175 7.709128 101.971505 -23.061318 6.337575 -26.490438
  177 -40.088102 97.558860 -33.591547 3.916459 29.377837
  178 -21.307829 104.056953 -2.537728 3.930296 -105.335501
  179 0.559576 89.172166 -54.258194 27.232667 112.641082
  181 3.738113 101.377547 -9.074990 5.948198 -70.408913
  182 -2.215571 103.166083 16.574873 7.779314 -1.609879
  183 41.649674 102.252544 20.942648 10.443868 43.865463
  186 18.201173 80.519367 66.164365 11.357093 -63.031176
  190 8.271328 94.905784 -9.655034 5.512399 40.216970
  191 -33.463964 103.931116 8.851385 3.088898 106.505814
  197 -1.597151 99.746845 31.038469 6.788674 13.947921
  200 27.623435 80.098394 66.379149 9.801912 -2.436333
  201 -22.947447 102.557555 20.067071 4.852520 -178.724123
  202 6.575220 101.030934 -26.964732 6.260229 128.342318
  203 17.661840 101.490911 24.174992 8.225431 36.847560
  205 -50.610881 74.547867 -71.475699 20.368157 -14.373710
  207 1.582931 103.578153 -4.120802 5.691366 83.401441
  209 -7.220382 89.489057 -52.634620 10.573114 -61.759742
  210 35.125417 99.657891 31.735299 10.225110 -153.939339
  213 -37.485377 99.578207 -31.870105 2.410198 112.577678
  214 -0.739830 103.363734 6.109108 5.844088 134.656795
  217 30.873904 103.726098 11.923926 9.119827 -31.328103
  221 28.479883 103.443067 7.834488 8.546427 -95.586870
  222 -11.712456 98.844599 -33.818948 3.972872 -111.134717
  223 -0.428267 102.441036 19.606703 7.420337 36.065861
  227 11.186563 102.041802 -23.002673 6.698476 -68.536515
  228 -33.724118 99.014201 -33.678159 2.518027 -141.532200
  229 -33.854538 99.299318 -31.388553 2.328568 -56.384533
  231 -8.955847 100.154901 -29.431931 4.813286 -1.815402
  233 -9.433493 103.036740 -8.722717 5.202311 -173.526552
  236 -1.492125 102.208439 -22.220938 5.982934 -12.829611
  237 -13.380799 102.361214 -19.280548 4.235832 139.034328
  238 1.559693 87.220210 57.290376 8.147904 -176.411492
  240 1.782087 98.622779 34.243246 7.114784 -114.508751
  242 -18.660197 103.606312 -4.678397 4.448898 -70.385659
  243 -21.464925 98.803578 -32.695643 3.159060 175.391108
  244 3.896833 91.915594 -49.177424 6.547767 105.294784
  245 -12.845446 94.381018 44.616789 6.238437 24.278990
  247 10.674985 102.893571 -17.415104 6.636525 -129.458239
  248 12.769060 103.093337 -1.662988 6.691816 64.406405
  250 -43.470400 99.229161 -32.135255 1.999233 138.657182
  253 1.962100 87.848774 -56.591203 4.891274 135.270662
  257 20.312315 102.406283 19.622309 9.529272 49.423327
  258 -43.090786 98.325891 -12.843384 1.994966 -67.199195
  259 14.859135 95.180724 42.164087 8.252811 83.254234
  260 10.913114 104.419652 3.314468 7.403499 -128.895487
  262 22.590673 92.573983 46.050729 9.503071 -106.591303
  263 -65.476147 40.198825 -15.076060 0.108221 -14.197166
  265 33.387129 87.297745 56.640868 25.538242 -157.352575
  268 22.531044 103.909721 5.665382 7.935609 -171.335286
  269 -39.181252 94.351549 -44.534110 3.317823 146.589794
  270 -42.595115 94.181274 -33.837638 1.569926 34.241084
  273 37.257328 75.031290 71.928466 20.604344 -13.986767
  278 -38.344135 100.427128 -28.341781 1.799482 -170.730809
  280 37.030720 103.591103 12.617076 8.313584 -176.163694
  282 32.872540 94.994618 43.117524 10.299058 -102.581055
  283 -0.142678 104.219436 6.050929 5.241489 94.932302
  284 -38.349196 100.351013 2.974501 2.783199 -24.371604
  285 -12.273330 103.263449 -12.289218 4.859129 178.579581
  286 -2.747188 98.286083 35.605625 7.646862 158.162603
  290 -29.197641 101.923623 2.107938 4.076109 114.297534
  291 9.298849 96.521327 40.255631 8.956519 -150.450755
  292 -27.627586 100.463877 -28.259885 2.448668 135.485798
  293 -26.465608 103.057547 15.798172 4.504211 42.700964
  296 19.568522 103.766707 10.741779 8.548650 118.483819
  298 13.369403 98.474573 -31.157081 6.283272 -73.938062
  299 5.067589 102.794500 17.102743 6.507616 123.275670
  300 -0.311044 97.923373 -36.258180 4.976712 -123.101925
  301 13.623733 94.700605 43.207893 6.377235 -89.254851
  303 -29.913581 103.808370 -7.242214 3.717680 124.484519
  305 14.292157 89.172987 -4.961655 20.611282 -14.000986
  306 -14.644434 103.544211 11.299737 6.136382 124.766086
  307 -33.820088 84.963985 -60.089427 31.408505 67.225913
  308 -34.238614 101.719332 -23.828345 3.276519 -18.234696
  309 0.951784 99.811978 -30.622390 4.726328 -5.288626
  310 11.501049 103.857903 -5.819250 7.019944 21.450607
  312 -44.253931 102.906069 -16.652621 2.330783 170.883732
  317 -25.783625 89.655139 -53.217408 2.928035 103.515654
  318 39.593596 29.208119 11.336968 0.000000 0.000000
  320 38.013848 71.089493 75.973132 0.006706 -164.344288
  322 -29.832348 103.338137 -15.968603 3.287380 77.663190
  326 -39.007798 94.892818 -43.433308 1.323731 63.503984
  328 15.588912 77.213504 67.403783 30.654844 142.377907
  329 1.089444 102.870430 -6.333501 6.112777 -88.753225
  330 13.476281 100.472681 -27.303151 6.861116 -92.113208
  331 -19.278845 102.655746 17.673842 3.965797 178.951808
  335 -40.071297 102.893760 -17.025616 2.356071 8.338176
  337 -19.063848 101.155932 -26.010521 4.370783 -41.806138
  340 22.455193 101.513604 -24.675039 8.256166 -150.256084
  341 26.878712 100.807866 -26.224299 8.038973 -171.890824
  342 10.223381 97.014008 38.098401 7.223070 -29.437592
  343 23.736611 102.516667 -20.064450 6.744136 -53.347650
  344 -47.891633 86.853791 -57.634091 31.835571 41.375038
  345 -39.679646 86.891142 -58.045780 5.234038 39.940483
  347 16.234430 99.526328 -31.868323 7.125149 133.576264
  349 -38.282128 101.009529 -26.089741 2.871614 106.780313
  350 -20.471880 97.733430 -36.664167 2.979158 80.320236
  355 22.784390 100.253629 -3.572201 8.983666 -149.658340
  357 -3.291912 103.264894 -4.726274 5.920643 48.647902
  358 4.104681 102.961716 9.500137 7.311824 -59.586514
  359 -27.048742 101.428468 25.148334 4.936208 -7.273651
  361 8.672624 83.463474 52.036487 7.196571 -125.949385
  363 4.628496 100.550987 27.763621 6.879224 171.841297
  364 1.440236 100.504995 28.919727 7.356160 -85.313890
  366 46.495849 84.536321 61.130667 8.139033 126.873052
  367 53.674171 50.417813 36.687978 18.454694 -31.535401
  370 -20.433709 100.367256 -28.919784 3.877571 82.070515
  371 -27.434039 103.980222 6.358328 4.420543 -72.256415
  372 -0.019933 102.936805 -16.027748 5.580036 -163.508610
  377 -0.197275 89.786145 53.293026 8.961726 -120.133799
  379 36.482837 103.032477 12.079961 8.670729 -31.003580
  387 29.790398 101.557391 24.048995 8.553544 -71.081324
  388 -11.247873 91.836014 -49.241169 3.445494 109.347194
  389 16.172730 103.475889 3.126727 8.666217 131.227257
  390 39.393124 92.916359 47.120531 9.836991 46.939166
  392 15.818793 100.825690 -28.094731 7.324875 -126.593767
  396 31.074517 99.794361 31.159487 11.046683 -113.138677
  397 24.363604 101.078720 -26.673114 8.073382 -159.806256
  398 -35.560408 88.073767 -56.265699 4.282697 -95.172849
  400 16.393368 103.160761 -6.912830 8.172779 53.615811
  402 44.308689 78.297457 68.487438 0.057134 96.621572
  403 -38.712377 104.107485 1.934169 2.595670 170.743726
  404 -39.957404 71.924698 -69.926595 0.091496 69.105288
  405 65.229260 72.041697 47.163932 47.366992 -23.160963
  406 5.514548 94.195865 43.037814 25.534165 -82.641352
  408 31.927549 103.800598 3.937053 10.688133 -93.778728
  409 -40.968201 101.157615 -0.786695 3.095048 96.488001
  410 -20.933606 101.526609 24.567698 5.511785 19.681305
  411 18.642886 84.812269 60.365956 26.968271 -23.181408
  412 42.937675 86.833050 58.213195 11.523551 -35.218910
  415 -0.096358 103.089383 -17.369245 5.939178 -11.708298
  416 -12.667407 92.359570 -47.895769 20.658628 -13.909083
  419 -57.369673 78.325817 -25.815254 33.250015 129.520003
  423 -9.829567 104.012291 -7.000349 5.404781 111.939517
  424 18.290890 95.795928 40.924040 6.361984 45.874373
  425 -18.857775 94.682292 30.575777 6.386133 -43.293572
  426 33.038486 49.474984 18.728974 11.762150 2.317558
  428 -29.812659 102.661463 18.859975 4.683212 34.005027
  431 44.195821 86.067241 58.293669 8.634875 29.625944
  432 5.447298 95.914594 41.644299 9.654522 19.978914
  435 23.250585 103.984879 -10.027541 7.656400 -18.359616
  440 33.128102 103.981703 -1.701468 9.509447 172.480596
  441 -19.941575 100.213342 29.292138 4.736213 113.904489
  444 -3.669122 92.643814 47.695183 5.995409 58.585454
  445 -2.743859 102.938312 7.887552 7.769711 72.334659
  446 30.405682 102.409462 18.992717 10.405088 55.369325
  450 4.194697 102.835652 -7.321907 6.140120 25.048128
  451 -26.083277 98.261502 -34.439125 4.911566 -87.543782
  452 40.819542 90.871739 51.019270 10.645136 -13.291017
  457 14.515584 78.722576 68.205903 9.216933 156.338370
  458 -1.859281 103.851694 5.092629 5.689329 43.292029
  460 -23.031008 95.020209 -43.269835 3.192156 -20.628239
  464 -1.555110 102.817394 16.658195 6.169784 41.151309
  465 4.288867 96.546475 39.401470 6.767511 -11.848783
  471 8.887344 99.235158 6.501847 6.789438 82.940224
  472 -70.196696 76.498251 -48.782986 89488.036255 85.495052
  473 4.146153 92.763038 47.962247 7.332198 -76.035007
  474 -11.634567 92.585019 -46.574998 20.588298 -13.967092
  478 8.845123 103.865177 -10.095036 6.943055 -95.563573
  479 -25.750781 103.732918 -0.011184 4.303959 -10.298489
  480 15.052073 101.712402 21.085053 9.884139 47.752913
  482 -13.215742 98.441055 34.779594 5.561349 10.136851
  483 -19.202251 91.304541 -51.006550 3.956505 -112.664253
  485 -41.787945 96.442014 -9.353461 2.649210 166.612546
  487 28.988635 103.548114 -8.927607 8.190473 121.784406
  490 -19.095268 95.249538 -42.547664 3.127201 -117.090883
  491 18.308164 99.738871 -30.766698 6.669004 114.420948
  495 19.138298 88.269030 55.441703 7.945538 -123.077932
  497 18.350692 96.713897 39.074858 7.974952 77.785426
  498 10.196867 101.964073 21.294718 8.166145 134.419883
  502 35.609637 92.523619 48.591876 9.614821 162.646044
  503 12.276426 98.867138 33.802985 9.411244 99.009664
  506 39.006098 104.202250 8.557034 9.111692 -13.410034
  507 40.392460 93.895442 45.814253 10.085375 57.891434
  508 -37.112169 76.736146 -70.368630 0.003585 -87.905446
  511 1.228721 90.793675 -51.602560 6.006406 111.510247
  512 2.080850 100.123963 29.952611 7.661730 -153.403457
  513 -15.084917 99.971523 29.869677 5.689673 -159.677727
  514 -0.124056 96.717972 -39.163253 4.884730 -135.194882
  516 -6.694598 103.492702 5.350895 4.767007 -29.191978
  517 32.082057 95.503051 41.895021 10.141124 118.790427
  519 -42.423821 84.960945 -60.339580 6.958170 -142.714952
  521 -68.081924 60.554272 -32.931395 0.594103 141.270898
  522 -12.047507 91.057210 -50.619224 4.820560 129.629014
  525 2.574728 97.866186 -36.412566 5.548495 67.588553
  526 26.486227 102.036679 21.290309 8.855502 99.708309
  527 6.391884 103.748057 13.462983 7.998920 146.663825
  528 24.017486 101.322293 23.773632 8.544100 133.582028
  531 2.778872 90.950376 -43.205222 6.071154 -74.896482
  532 -53.707001 78.044312 -68.480405 19.001356 -19.292923
  534 13.798988 89.772039 52.982764 8.787622 -105.887087
  535 21.628612 83.224754 63.204470 11.801274 119.680581
  537 -22.316660 104.377002 3.890207 4.197778 104.305933
  538 8.305371 103.478722 -2.097518 6.734650 25.614275
  539 8.584650 101.060091 25.819495 7.837150 -165.608317
  544 8.394728 98.665876 34.439217 9.764070 115.776097
  545 36.862548 96.562278 40.025869 10.389050 177.562113
  546 36.219880 93.888401 45.737956 9.858792 -150.718635
  547 16.238318 102.244087 20.519939 8.474187 30.042947
  549 11.081414 104.353583 -3.233516 6.372380 -122.662039
  550 -44.948751 103.932213 -10.678120 2.254037 99.279503
  551 9.346305 92.961728 -47.497499 6.418627 -105.296547
  553 -2.845956 101.144007 25.388886 6.882214 24.924445
  554 -32.105933 104.377723 -5.085524 3.481713 78.923035
  555 -38.728496 98.902045 -33.648618 2.645892 -95.317954
  556 -3.305361 104.036354 -3.233420 5.053845 1.285558
  557 -11.242248 98.191167 34.930471 6.388892 -30.967116
  558 10.882884 102.506043 19.898923 8.248943 -172.136130
  563 -38.925530 102.200771 -21.112030 3.159155 -40.479387
  568 1.052436 102.658187 18.656955 7.325999 -101.458533
  571 -2.724626 102.250513 -4.009469 6.214646 -142.386350
  572 9.468902 102.253440 -13.329196 5.421653 -81.248571
  573 -24.186568 103.252587 1.032147 3.890350 -91.493577
  574 41.523479 103.340952 13.550630 8.812685 88.638085
  575 -33.514852 80.179810 -65.890420 1.908327 -66.721653
  578 35.622792 82.468873 63.581113 9.154992 21.768878
  580 14.173784 96.966858 38.211723 9.134543 -72.302235
  582 17.482856 99.923885 4.565928 5.370008 -2.603467
  583 -1.566642 95.701035 40.545775 0.029679 -116.924827
  588 7.620236 87.665271 56.059666 7.607447 174.514114
  589 -34.603170 103.741540 8.683710 3.904951 -178.980024
  590 -3.398777 102.817479 18.787102 7.276992 -142.843669
  592 34.452769 86.218840 58.274996 20.592706 -13.972419
  594 14.629577 102.678599 -17.207288 7.456303 -144.347680
  595 -22.249462 103.212691 -3.724045 4.361269 -80.457174
  597 -13.306641 84.927548 -59.986055 0.014147 -106.302075
  598 20.914249 101.270909 19.308081 7.012437 18.756085
  599 -39.798285 101.774223 -23.031907 3.241386 -113.548327
  601 -10.590117 95.072569 43.617770 7.470040 -138.550757
  602 7.465944 103.591111 -12.985407 6.721389 96.590492
  607 28.681599 90.436663 51.905244 9.763197 -17.140491
  608 41.745158 90.688145 51.990772 10.113365 -84.115508
  609 25.587460 90.599182 52.215313 10.478271 158.744887
  610 -24.880771 101.098927 -26.488849 3.594941 71.332108
  611 35.250963 89.027008 54.122860 9.068913 134.362338
  613 -21.022651 97.597732 -37.122078 3.481871 -36.212366
  614 17.194469 97.953137 36.124441 10.557424 42.968076
  617 -36.283040 92.831463 -47.874317 2.559871 -75.083600
  618 4.042291 104.439245 -0.571541 6.838956 -150.320003
  619 -22.532167 98.845152 -33.587007 3.809105 143.352153
  620 25.790971 102.640590 18.030052 10.288086 56.077829
  621 -29.851137 100.840733 -26.927854 3.308615 77.444050
  622 0.365199 98.058685 -35.640168 4.539191 -74.437986
  623 -27.762504 89.364400 -53.283634 0.042842 -59.654314
  624 -27.286061 101.617793 24.790431 5.221750 32.664202
  625 -20.141203 101.309928 -25.158177 4.141805 119.486740
  626 35.258750 103.197044 -6.833604 8.421657 65.822822
  627 -32.913499 98.987432 -33.596828 3.240741 138.173150
  628 44.544444 90.853108 51.284003 8.516560 140.279820
  629 -16.031752 103.337707 -14.354944 4.521763 135.342665
  631 -21.519785 83.902912 -61.602891 5.962950 -11.091340
  632 32.965509 102.592449 17.354012 9.052819 19.422719
  634 6.959641 97.134209 -38.190979 6.045974 -153.492280
  635 36.619049 98.046547 34.893081 8.635470 -17.143472
  637 -29.333814 103.448087 8.067223 3.898263 -72.490060
  638 12.250371 89.235942 53.787296 9.821178 122.971667
  639 -39.475689 95.010171 -43.396206 4.142963 166.614435
  641 2.581235 103.371069 5.329422 7.073582 146.366225
  645 3.684443 103.193264 15.682838 7.319626 -21.560784
  648 40.044276 96.782107 39.612569 10.289763 -114.609389
  649 46.110659 96.947570 38.982313 10.490590 -23.920303
  650 40.479915 102.149662 22.010638 11.527381 -13.020382
  652 1.530768 87.966893 -55.960037 6.172864 -151.009293
  654 -31.452901 103.353066 11.449764 2.950908 -110.234864
  655 2.894858 103.402428 -13.872191 5.802163 -168.657324
  656 -39.681214 75.336107 -71.734568 5.470923 114.662507
  658 -35.155795 89.519994 -53.488793 5.159320 -20.090068
  659 12.248425 101.795770 13.063589 7.470166 96.141936
  660 11.021154 97.577735 37.445922 7.216746 57.937381
  664 0.864246 104.249792 -6.445156 6.823849 118.780794
  666 30.340604 81.722821 64.817887 0.016013 -42.376410
  667 34.149738 103.791071 -7.869232 8.764991 101.149146
  668 -12.857590 102.002606 -11.935520 4.423295 -48.836258
  669 46.377193 93.703834 45.318224 8.706507 -100.214193
  673 -8.920873 101.386852 -21.604275 4.342303 -174.543686
  674 -18.160105 97.998717 36.008526 5.194156 -115.862559
  676 42.886891 88.452525 54.969522 17.487414 -45.940628
  677 -19.940289 98.626018 -34.406032 3.998247 177.272016
  678 12.539210 94.145803 45.118006 9.175260 107.192647
  680 22.628455 73.335831 74.210131 10.215475 -98.620423
  683 29.076618 103.038681 7.808593 10.330607 -132.130104
  684 -42.464277 104.088472 -3.708150 2.768659 -31.031785
  689 18.252297 104.178830 6.070468 9.254933 -114.009368
  695 -15.794280 82.233137 -63.975830 7.335925 -65.666817
  696 16.131202 100.820304 26.551702 8.453417 -21.905566
  700 -6.710440 102.937009 6.488202 5.492644 -143.549492
  707 10.089484 100.293533 29.783061 10.129017 152.658893
  712 -2.378571 101.007387 -27.024064 4.629106 -67.055964
  716 32.209116 103.357491 -12.561529 9.071270 -114.565173
  717 5.624596 83.850166 62.156782 9.663494 -46.359656
  718 31.327850 94.814154 43.476532 10.494183 161.068362
  719 4.189541 103.885749 -9.034725 6.009750 52.217200
  720 -30.220267 72.025806 -75.141643 1.602753 -30.979653
  722 -2.088517 101.884911 23.699990 6.293392 -153.024955
  723 26.851502 78.658839 68.487264 10.418917 -119.592706
  725 -7.229490 95.278108 -41.402081 4.153487 75.156755
  726 11.845043 102.406029 -19.991183 6.222836 -49.777628
  727 -18.750567 97.792111 -36.581609 3.102871 119.882474
  730 -16.266184 101.696639 -23.861207 3.756030 -144.216929
  732 29.146989 91.694996 49.938469 10.640335 48.371099
  733 27.675881 104.010526 -2.326899 7.988428 18.959713
  735 -38.165627 92.102620 -15.475201 0.582053 -42.414933
  742 37.612344 76.900286 70.047786 10.842893 -113.613424
  743 -2.370591 103.413239 -2.571050 5.511032 13.974436
  745 -34.391932 102.672126 0.955411 3.202486 127.106340
  746 -7.630710 102.450951 -1.963580 4.590249 31.795037
  748 12.719824 79.964540 66.869781 10.759317 -2.289121
  749 13.517994 84.558016 26.405651 8.897923 -43.230397
  751 40.632152 102.951512 11.892340 10.944008 -107.747302
  752 -2.210618 102.279066 -3.027301 5.630370 71.925062
  753 -35.212818 102.555651 -19.529081 2.799938 -161.296554
  754 3.816344 99.667015 -30.347395 5.333362 52.221141
  756 43.098424 102.493324 7.717413 9.128861 148.955142
  758 33.870743 89.627300 53.662140 10.567567 -120.109979
  759 5.074272 102.543180 19.772196 7.807553 -95.432600
  760 41.305723 79.714038 17.818669 10.251734 -149.643465
  761 31.289957 103.545504 -4.416673 7.699199 -156.232992
  762 -19.979897 94.125542 -45.079700 4.652957 -15.304074
  764 1.820179 103.765015 12.256292 5.988195 79.308099
  766 18.430778 98.924717 -0.984570 6.617852 90.101205
  767 0.720141 92.782111 -5.576131 5.764247 107.665758
  769 -42.714042 103.333337 -15.117961 3.055500 123.536005
  771 -36.397851 96.649644 -38.556719 0.007902 133.669586
  772 -18.021766 95.812225 -40.924531 4.580564 112.185426
  773 4.153337 64.383641 33.763742 10.059001 40.961109
  774 -20.119252 95.232421 22.196075 5.319297 33.145522
  776 -1.463526 99.383569 -32.437102 4.484609 25.555871
  777 -15.328076 102.447625 17.082312 5.285097 159.189389
  780 6.120195 102.941184 17.969497 6.564719 77.291777
  781 -23.256584 102.964599 17.848791 4.259091 -26.440978
  782 32.955936 72.834568 74.391013 12.736997 -72.124626
  783 34.286251 103.680758 -6.390230 8.191082 103.839685
  784 -30.922340 103.606449 -11.997883 3.546955 87.918796
  788 30.956342 88.107787 55.984759 10.183215 -137.635651
  789 -16.002640 98.534532 34.275899 4.602428 -121.486977
  792 -23.528513 103.291187 -15.672361 3.929252 -129.960072
  793 -22.581719 100.352129 -29.074431 4.178240 -74.345774
  795 6.109532 104.357129 3.949333 7.032499 -8.942028
  796 3.411829 89.010365 -54.467616 5.349179 175.058376
  797 45.045341 83.798232 62.486748 14.221804 -124.906418
  799 -3.692440 88.538889 -55.504421 4.560906 119.518242
  803 -34.379878 93.642874 8.736325 4.288270 -135.841888
  804 28.272374 101.199008 25.459598 10.003416 -130.189875
  805 1.763652 103.526881 -6.938767 6.200151 -77.107096
  806 -36.410426 101.686844 5.561759 3.782416 -157.215579
  807 -6.530231 99.307893 31.960073 5.360327 5.273708
  809 -25.540398 99.572171 -31.143887 4.084851 -103.047238
  811 -18.634483 94.180354 -44.562122 3.748736 -115.813128
  812 18.794351 94.899574 43.611080 9.776699 111.671443
  813 -10.988784 100.496139 28.441070 6.632376 127.724220
  814 -3.659580 97.118335 38.338326 8.108545 31.890314
  815 4.126962 101.100505 25.451396 5.487521 37.020044
  816 -20.949958 93.261287 -47.122672 4.069324 141.676446
  817 -49.084750 87.412766 -55.986063 0.092733 9.495279
  818 5.124860 103.054488 17.405897 7.325770 31.484682
  821 22.871353 87.587902 56.182375 2.631863 -9.773343
  822 -2.258785 103.233997 -15.027357 5.284433 -179.293972
  824 3.721955 84.816915 14.046757 7.242042 104.761850
  827 -46.600987 80.638820 -65.398658 20.607795 -13.991744
  829 11.899864 86.980172 57.932209 9.332105 -80.205474
  832 20.791883 103.906980 10.769691 6.654946 9.006764
  833 19.731748 99.381739 32.006806 8.235493 -33.753588
  836 -19.518758 102.485018 20.653590 5.448676 -8.520805
  837 23.004385 103.554736 -15.018461 8.555495 -111.833759
  839 -0.174956 95.436536 -42.575269 5.136689 20.809051
  840 -21.361469 102.916963 -9.671693 4.200813 -143.549822
  842 -45.192262 98.741812 -34.312166 2.364890 -120.231093
  843 -11.928195 95.197135 42.846460 7.632144 125.248841
  844 -40.095782 103.097986 -12.207469 2.132806 -69.800236
  845 -7.297047 93.280494 46.903787 7.455156 178.026233
  846 32.400467 100.513157 26.106569 8.152668 120.155413
  848 -17.030081 103.406817 -12.940776 4.857070 -110.321558
  850 4.843688 102.611629 8.936914 5.566797 -66.963126
  851 -27.613910 78.789801 -68.168123 3.095952 113.443611
  852 27.573506 101.702270 -23.287898 7.740859 -177.105224
  853 30.909316 103.472476 11.176775 10.829577 117.742867
  855 2.513477 94.558079 -43.881612 5.316261 173.528996
  857 -5.817910 104.038048 -10.379580 5.691373 169.819731
  861 -0.772168 103.110741 15.526846 7.070348 -32.686380
  863 -24.471170 101.710390 -23.648112 3.259705 1.416814
  864 -19.547247 104.188130 -8.198633 4.673817 54.637124
  865 38.630980 98.920315 33.176845 10.338367 163.277858
  868 17.785591 103.521950 -12.430376 7.115148 177.133518
  872 -15.881022 96.348595 -39.749160 4.284049 106.698049
  876 10.833392 102.316144 20.966046 8.772550 -44.118703
  877 12.784081 101.466331 6.500863 6.015417 113.213927
  879 -38.678722 87.002038 -57.359708 2.259484 38.134511
  880 -21.357497 103.283079 8.060363 4.757444 -155.996347
  882 0.434490 91.298147 49.630614 6.324706 -75.310552
  883 20.505070 86.695970 57.712563 8.317887 -160.881826
  884 -32.401539 102.994451 -14.328048 3.296904 49.930307
  886 26.200332 98.402489 35.310875 10.200046 44.571255
  887 45.806043 99.641056 31.439219 11.901807 -172.927977
  888 21.069505 102.530288 19.811680 8.500957 31.232346
  889 -4.524024 86.124872 43.371379 20.588242 -14.055249
  891 26.085439 100.542505 28.590231 9.869163 -88.114620
  892 34.990413 103.562143 -7.626643 8.657853 -21.835864
  893 28.811142 100.312534 28.140582 10.229198 30.287246
  895 -37.683603 95.694647 -41.665888 2.258423 -121.970837
  896 -17.945530 102.824233 -17.307261 4.336890 -109.955523
  897 -32.301424 92.140893 -8.294491 3.459490 -165.029612
  898 -41.968245 103.363075 -8.585545 3.939978 -25.024711
  899 -45.504037 92.391703 -48.569177 3.560649 170.126805
  900 40.650830 95.811526 41.925160 10.471834 82.613760
  902 9.731398 104.122491 -10.280996 7.203722 153.897001
  903 4.185024 104.077306 7.528151 7.906758 69.494883
  904 -5.162417 103.590099 -10.458129 5.561240 -160.734328
  905 -26.014495 91.306071 -50.718256 2.542358 31.062350
  906 -16.459299 87.336992 -57.325371 3.699342 7.420107
  907 16.530001 98.794843 33.472214 7.208890 -161.314976
  908 -19.478390 98.767815 -33.436867 2.688541 -133.713140
  910 -10.357358 92.228652 49.090991 7.998905 -149.126949
  911 36.791502 96.510107 39.805709 9.574959 163.351984
  913 31.188704 80.046873 65.968215 20.593009 -14.256323
  916 6.538438 74.567528 24.864562 31.528404 -145.354834
  917 -24.774148 101.240581 -24.552317 3.849685 137.895213
  919 -49.767215 79.776447 -66.917435 0.409136 -134.971236
  924 -34.331598 101.114454 -24.283238 2.082121 105.504838
  927 0.893921 93.343977 46.738081 9.029919 -54.109541
  930 -21.060656 91.874492 -49.629491 3.716750 3.650231
  931 15.731778 103.775166 10.793723 7.156224 11.855721
  932 -2.009925 102.828539 -18.274305 4.735019 74.956446
  934 37.958438 92.249740 48.572487 10.214570 148.605935
  941 -6.436685 95.584299 41.250186 6.120633 -28.259050
  942 -11.660487 101.504201 -21.759408 4.477998 -33.116714
  943 -27.074728 103.029349 -17.333836 2.823760 -65.193225
  944 44.967825 90.039813 52.588751 8.531710 -128.209270
  946 5.205300 103.706282 -12.061978 5.923725 -6.737657
  948 19.317801 102.739452 -18.551385 6.574567 -146.349792
  949 -0.877800 102.214906 -0.925057 5.880210 139.029873
  951 -13.759539 88.289214 -55.553352 28.592430 -175.799778
  952 -38.983075 75.777519 -71.619877 36.006952 80.063043
  957 -4.149855 90.715665 50.841067 7.261495 16.107140
  960 5.539680 99.246975 32.363649 6.719881 -109.026729
  961 -37.274669 94.085953 -2.780036 3.152898 105.130202
  965 -41.373413 103.229498 -12.836415 2.387892 -51.931068
  967 -13.168935 93.438049 46.960876 7.466782 -167.159311
  968 -5.256953 99.900949 30.567124 5.664373 173.711255
  970 -8.477229 102.400693 -18.835201 3.786803 13.459855
  971 12.258677 89.638788 53.210241 28.278072 -16.365070
  972 21.744544 95.402909 42.352672 8.036563 14.875793
  973 30.337062 91.181581 50.456732 8.259314 -23.024833
  975 26.050352 87.233235 57.302697 11.670789 -31.833904
  978 -2.382700 91.020845 -51.349308 5.125326 -53.206412
  979 32.371503 96.347997 39.906472 9.673935 143.118745
  980 -16.142472 103.403666 -1.352783 4.048531 -92.605158
  983 -7.776117 99.590772 31.200210 6.337985 -162.882161
  985 -24.994201 85.606402 -60.055981 5.073039 122.850364
  989 -0.093426 104.233593 -7.590414 5.879295 53.959438
  990 -15.902722 100.316343 -29.248428 4.224406 126.918553
  992 28.021707 78.252488 68.805975 2.798723 -123.819362
  993 36.010452 100.999194 26.202772 9.084745 162.456883
  996 -43.419332 100.508041 -27.704111 1.713787 162.541553
 1000 -17.987554 103.270803 -11.772803 4.786957 -54.372215
 1002 -10.844474 100.459030 27.068364 5.598561 -87.147282
 1005 -9.287617 103.964506 1.489102 6.166971 -60.974204
 1006 -11.778803 96.685431 38.255245 6.411982 -2.840333
 1008 28.108329 92.479891 47.742746 10.071026 122.112314
 1010 -36.746122 103.248815 -11.125347 2.249920 92.353558
 1011 -22.552234 102.615516 5.136936 4.573558 -58.277320
 1014 11.223675 89.228823 53.933135 7.591318 -116.580054
 1016 -39.381126 89.345249 0.519765 2.839960 23.178002
 1017 16.646775 101.581248 24.205848 9.626020 174.723801
 1018 15.229676 96.694846 -39.109334 6.437640 -55.701840
 1019 28.400838 102.933860 -11.098233 8.111894 -124.975112
 1025 21.294653 97.631750 7.838549 6.955321 -42.495369
 1026 -37.399509 85.835845 -58.588619 0.007241 -45.795296
 1027 30.116745 84.423368 61.455884 9.780365 75.031625
 1028 8.077178 101.844006 -22.899728 5.982688 -57.935331
 1031 -16.835955 103.644940 -12.568370 4.715693 111.749519
 1032 -20.933365 92.706813 -47.993063 4.049261 66.608100
 1034 20.711557 101.704438 -22.310861 6.507830 -31.438461
 1036 -23.277203 103.732635 13.428306 5.296488 -37.177066
 1038 -21.497611 100.580135 28.275362 6.632320 53.186484
 1042 16.466366 100.655473 -27.408095 7.051854 -127.354706
 1043 -30.230422 101.571486 -23.655214 3.081623 70.277880
 1045 -28.360121 94.941025 -43.363862 2.670409 -46.838314
 1046 -14.882366 104.056852 8.671076 4.739299 -163.340891
 1047 -28.636184 79.193470 2.730745 20.697116 -14.447955
 1050 33.218599 93.056680 47.478321 9.772660 -178.362469
 1053 40.503144 88.188001 55.051688 11.207915 -56.846287
 1054 6.842329 95.252971 42.661850 7.312349 41.982910
 1055 -25.101721 97.716985 -36.758690 2.985349 86.838288
 1057 -39.405754 104.542987 0.798745 2.915682 92.019636
 1058 -40.280818 103.778873 -11.733290 2.759314 82.744297
 1062 -17.755163 98.551673 -34.641578 3.513532 -91.655611
 1063 6.727891 95.092596 -43.467742 5.846865 100.111965
 1064 -12.988935 98.108046 -36.172129 4.715232 -171.769127
 1066 11.460425 98.559416 34.145050 9.174525 -83.859537
 1067 -17.909027 96.853313 39.471269 6.171997 175.384945
 1069 -46.316507 96.535506 -39.394851 2.600015 53.162440
 1072 21.398912 103.396855 -4.990494 8.061805 -41.663735
 1073 -38.011858 75.210236 -71.815615 0.018740 84.704413
 1075 -34.740215 102.634474 -0.056374 3.461906 -52.772486
 1078 -42.655519 100.198175 -30.104232 1.905059 -176.588899
 1079 19.368790 87.536335 56.649181 8.864856 -91.335336
 1080 43.764492 101.442652 24.794868 10.625597 -95.831644
 1083 26.371759 98.186775 34.183404 10.641842 156.159675
 1085 -33.981469 91.783784 -48.943806 20.608960 -14.054482
 1087 -17.333608 103.126612 10.360518 4.086952 -141.175574
 1088 0.855561 93.620861 46.033972 8.287347 -85.270460
 1090 21.219178 103.502256 -7.634473 8.041044 172.744446
 1091 20.809444 103.555969 10.726639 8.002004 -77.091891
 1092 6.923309 100.736242 26.968396 6.713344 163.693899
 1094 -37.808876 97.945144 -35.079040 4.259222 14.558832
 1096 -37.733396 100.828695 -26.992696 3.110257 -146.017009
 1098 28.652611 93.023610 47.543190 10.872443 -76.051530
 1101 13.172747 103.598261 -10.930570 6.804108 -0.482183
 1103 -18.558041 103.092046 13.171148 4.754937 163.261780
 1105 1.683715 100.051681 -30.160017 4.994955 -117.218610
 1107 -12.430240 93.375332 -46.203119 4.727424 59.135305
 1111 8.608470 97.293097 37.194834 7.699304 -161.305282
 1113 -7.888039 102.883125 -17.244072 4.278808 3.528823
 1114 38.260926 97.425432 -2.070213 10.131074 173.397357
 1116 13.797896 102.858050 -0.481569 6.819372 38.726798
 1117 36.173795 92.375760 46.575954 8.938212 -131.174698
 1118 3.108026 102.914278 -17.770928 5.474716 -34.700673
 1119 -0.783278 98.178151 35.571663 7.875833 -140.778241
 1124 11.301229 100.644249 -27.483338 5.499214 -123.332177
 1125 -28.316474 102.470957 18.700025 4.250012 -19.488561
 1127 0.040378 101.717667 -24.638724 5.627629 -63.735657
 1128 5.062847 103.708842 -6.269766 5.392424 -11.424292
 1129 -40.181780 103.517752 -1.367865 2.292401 174.734749
 1131 -39.398963 92.560518 -48.108394 5.260331 148.663040
 1132 36.443201 92.363640 48.988702 9.857749 3.495668
 1135 -14.339685 100.796841 -27.520365 4.094232 126.626305
 1137 6.360113 102.175591 20.787340 6.732417 32.866836
 1138 -24.193277 102.098921 10.655677 3.921310 -133.967964
 1140 -24.112465 94.381060 -44.378450 4.387905 149.731187
 1141 21.516749 101.966802 23.029969 11.041299 -131.525751
 1142 -12.725929 95.026875 43.365171 7.169830 -82.759178
 1145 -9.274127 99.135200 -33.199165 4.539515 1.223407
 1146 2.338301 91.683433 48.675760 9.998309 44.360673
 1147 23.492235 102.634334 -20.022724 7.890193 -109.683941
 1148 -9.548177 103.600636 12.298504 7.142388 -67.077306
 1149 2.004131 103.160461 -4.412367 6.140898 165.539998
 1151 10.546506 96.484028 40.147054 7.551003 67.087878
 1152 -18.194497 99.358434 31.646011 5.548321 -17.866879
 1154 0.537764 103.775809 11.490302 7.958270 -176.224549
 1155 -8.980007 99.028861 33.151053 6.848405 -91.096226
 1156 -20.537360 103.698737 7.962054 4.650255 82.689952
 1160 46.855078 92.732367 44.653658 9.793586 -91.621313
 1162 -14.531718 91.615947 -49.662302 4.484270 -13.744581
 1164 -24.907758 103.020165 17.769971 5.000887 18.413727
 1165 13.491440 101.385824 -2.675166 7.441480 -126.225356
 1167 -24.925399 101.337475 -23.973025 3.079444 -131.176737
 1168 -41.181811 78.126335 -68.766886 2.336244 16.472577
 1169 -16.099469 97.529419 -36.976962 3.640499 -16.010694
 1170 48.844982 83.503398 59.728850 20.409108 -93.945293
 1171 -13.253940 96.844365 -38.790124 3.858086 50.340359
 1178 -7.600576 102.112002 4.074336 4.647560 -0.222122
 1179 35.163436 104.016060 10.034553 7.928161 -107.678185
 1181 24.733429 89.739388 52.676419 8.469396 144.770943
 1182 -13.873807 93.772949 -45.146799 4.336514 -93.759809
 1188 -2.785287 59.690649 -40.075408 3.568521 98.494027
 1189 29.207935 103.461939 -9.218349 8.009952 -13.370514
 1190 33.597247 104.225205 6.525940 9.377015 115.214842
 1191 -6.166688 100.590975 -27.362798 4.224555 -55.156589
 1192 -17.397780 88.066237 -55.822106 3.410566 89.201027
 1194 -41.841505 103.656186 -3.161531 2.635612 -3.715955
 1196 -20.478858 90.595446 -49.283207 3.839239 37.717333
 1199 -19.484567 85.860310 -58.522788 20.602141 -14.045641
 1201 -36.434910 83.325868 -62.417665 3.600211 99.600807
 1202 37.825000 103.032308 16.627442 11.252111 79.807615
 1206 25.988561 90.695564 51.447285 9.380098 72.602446
 1207 -16.644038 103.222715 5.450519 4.259855 64.365398
 1209 -36.943926 103.605327 -9.711530 2.779383 -134.235930
 1220 -10.700738 103.512382 -10.496706 4.851640 -162.385074
 1221 12.336390 102.149609 -21.412948 6.727538 91.102588
 1223 -38.760209 102.829555 1.895223 3.034944 87.543598
 1225 -26.652276 101.618762 -23.573257 3.122205 -91.437849
 1232 0.487531 97.030892 38.754517 8.279600 95.757115
 1233 -8.198824 103.523818 -4.557225 4.811634 31.581584
 1234 12.071247 102.222809 -21.004669 6.853512 150.191773
 1235 42.087126 103.779185 13.248831 11.041347 107.817047
 1237 11.040015 102.418408 19.173840 6.094918 -51.976449
 1238 -10.848564 92.558858 -48.319375 5.267793 72.753054
 1239 -12.012394 103.057469 12.532554 5.016100 -67.323073
 1241 17.573678 98.420801 35.048112 9.582996 -158.824927
 1242 17.986239 103.204149 6.805592 7.077215 2.573872
 1243 -36.401417 103.807694 6.420791 2.491004 102.067442
 1244 -8.448632 84.553676 -61.152815 5.219434 -18.146629
 1246 -0.820784 102.790751 16.387129 6.494635 -145.065966
 1247 -38.102163 80.531242 -66.001297 1.426636 -82.075968
 1248 -8.106365 97.913116 2.288500 5.400722 -89.827796
 1250 16.108639 86.340076 57.669794 9.732974 -92.145915
 1251 2.610269 99.055562 33.048231 8.967970 93.899063
 1253 21.414053 101.186869 26.143367 8.643702 -139.166105
 1254 -14.994727 78.517785 -67.572212 4.014643 14.891637
 1255 -25.769869 102.980722 -17.521933 3.767710 175.173682
 1258 -19.610807 96.645004 -38.962274 2.840687 -153.288890
 1259 20.725088 101.366209 -25.678821 7.572039 -3.600711
 1262 -32.477276 102.656916 -3.029501 2.183264 48.783009
 1263 -42.910883 102.074234 -5.915879 2.630922 176.892629
 1264 -38.370548 103.451393 -12.472028 2.443799 -103.132488
 1267 -33.071167 102.545046 -4.162843 3.772530 1.973901
 1269 -29.825138 100.377478 -29.143603 3.043960 -23.515404
 1270 16.803884 104.341990 -1.950716 6.001431 -54.575596
 1271 -5.735042 96.199911 40.895377 7.457842 -161.170182
 1272 -28.803971 100.674238 -28.509851 3.600605 2.186009
 1273 -3.887960 103.664062 11.736458 6.063155 91.388291
 1274 15.676022 101.872033 22.266653 7.592558 49.228070
 1275 -21.305383 103.682773 -11.477634 4.673457 -174.166287
 1277 -6.151377 98.869175 33.956098 6.672594 -149.020349
 1279 -14.101862 103.766956 -4.406668 4.129286 6.546926
 1280 23.758278 102.268810 -21.312298 7.996624 -26.250042
 1281 48.313016 70.944512 75.581740 16.947909 -25.569597
 1282 -38.880004 102.966553 2.092033 3.083738 3.391373
 1283 -37.843680 88.756943 -54.651019 2.263838 -33.972622
 1284 -27.599976 96.891116 -39.149187 3.437646 -50.793978
 1289 -41.043232 87.348786 -57.368206 4.797719 172.684685
 1290 -11.673766 97.954185 -27.250027 4.193259 -141.579059
 1291 -34.459379 94.226773 -5.286251 24.760072 173.473420
 1294 -31.131216 97.433367 -35.961415 2.326206 78.156138
 1295 13.917977 99.902363 -31.016850 6.008008 82.499229
 1296 8.393256 96.554050 -40.241370 6.367006 86.119775
 1300 -4.322162 103.123822 16.500147 5.991776 -103.553872
 1301 -14.875406 79.693702 -62.630271 3.175069 -163.331442
 1302 19.268587 96.120014 28.958317 9.049141 55.116365
 1309 45.350349 101.832918 22.297130 11.753638 -131.554813
 1311 -8.156736 74.430685 1.436209 0.018744 -85.773796
 1315 22.728296 103.380128 15.417894 9.117940 23.078953
 1316 11.467612 103.961790 3.797052 6.961750 -176.901850
 1321 -13.731164 100.271544 29.025230 6.441981 -117.215882
 1325 46.343565 93.222358 46.692845 9.988565 -61.094529
 1327 -8.110364 90.367357 -51.517699 4.704206 -126.526371
 1328 13.353467 89.828971 52.754051 7.331041 -109.187441
 1330 -14.494902 95.862647 -41.574866 4.433078 126.328944
 1333 20.898495 99.079788 32.725403 9.585397 -97.539310
 1335 17.568578 97.845455 -36.506266 6.433588 170.793167
 1336 50.560672 73.567320 73.157617 28.473837 74.914749
 1337 -24.070637 89.172858 -53.973764 3.188740 101.955244
 1338 -1.726665 99.861654 -27.742906 5.324649 59.572195
 1339 -45.731702 100.123569 -29.834602 2.204145 146.154079
 1340 -17.452779 101.453525 -4.308461 4.782535 -38.854934
 1343 -11.959525 90.165414 -2.724373 0.029546 -56.199465
 1344 -21.163705 102.121754 20.931681 4.991333 122.684391
 1345 39.902520 97.705945 37.114954 10.144153 -99.817663
 1347 3.137969 104.359533 4.186331 5.947494 -45.796299
 1348 -28.022966 82.442065 -63.853425 7.804040 -28.652496
 1350 27.316168 92.504346 48.014225 9.187406 144.802452
 1352 5.128399 102.379137 20.525335 7.278143 134.581022
 1353 11.570134 97.828680 35.820892 6.512739 -61.027768
 1354 -5.787879 103.130189 16.661507 6.338006 44.993350
 1357 8.015427 103.169444 15.671193 7.331642 -152.310186
 1363 11.847235 104.047725 3.553921 7.106546 -54.275185
 1365 27.784097 91.008670 51.141045 10.877236 -169.054889
 1366 10.693319 92.026160 48.380756 9.789549 16.513861
 1368 17.295550 87.991593 55.853094 9.132996 113.180163
 1369 -33.687143 103.494386 -14.133674 3.105589 174.053192
 1372 0.139690 101.478615 25.566774 8.060918 -77.762056
 1373 -14.684649 95.504436 42.312520 6.747212 -163.131679
 1374 -37.161373 96.045881 -40.745852 2.940123 -178.904055
 1375 -33.003556 103.398978 -15.094033 2.757873 -104.693985
 1379 -38.322265 102.004802 -18.628660 2.638503 -122.621365
 1384 -17.505256 99.081716 32.046106 5.969498 80.118602
 1385 19.440374 100.414369 -28.547230 6.163908 -121.487149
 1387 7.177394 102.281010 -4.529295 7.155564 -118.093270
 1388 -19.127580 104.542877 -4.534421 4.969437 -65.328133
 1390 -32.112795 103.310941 -12.771263 3.409472 152.324726
 1392 0.262039 102.326190 20.653803 7.362394 56.600975
 1398 16.224021 99.359714 -25.497488 5.581240 -109.558763
 1399 -12.948699 98.222199 34.479608 23.236335 77.984342
 1402 -4.967192 94.826728 -44.075312 4.458620 -133.882718
 1403 -23.233700 89.218975 -52.237932 20.659218 -14.215218
 1404 1.790451 100.483327 28.731076 7.729906 -45.700470
 1405 -33.745773 99.097318 1.002751 2.632115 114.012223
 1412 10.949813 88.209651 55.729725 8.986230 -149.867190
 1414 20.178339 71.962793 75.299288 29.858516 154.199553
 1415 -15.392096 102.922613 16.940196 4.987355 -46.876445
 1416 -2.937896 90.752323 51.362680 6.996068 -173.222714
 1417 26.625057 99.941520 30.451586 9.941009 173.023678
 1418 -16.318239 103.165417 13.717232 23.442488 51.143971
 1419 -6.926979 75.443108 43.955027 32.043363 -170.075671
 1421 -9.376475 103.886228 9.598767 6.394891 85.618060
 1425 12.433907 104.375177 5.407340 7.790338 86.343941
 1427 13.452446 102.788730 -18.993625 6.643283 9.872870
 1428 -4.019322 82.501605 -63.976852 5.474796 106.451191
 1430 10.316299 95.871194 -41.087263 6.103659 -88.656141
 1432 34.289373 80.323657 66.441137 11.272881 24.191339
 1433 -27.043056 97.827010 -36.964358 3.147178 -27.659874
 1434 -19.251849 100.950883 -25.517143 3.713691 100.554658
 1435 29.754134 91.644496 49.313587 9.445187 156.420449
 1436 48.007718 79.787363 67.070475 8.110882 48.749432
 1438 28.630490 102.516998 -19.738695 7.772555 -87.134269
 1439 5.184594 103.109130 -6.886865 6.503151 -114.567545
 1441 -46.343102 85.141292 -60.118541 5.965705 -0.269313
 1443 29.144928 82.191374 64.217434 9.499272 -42.337481
 1444 25.392685 96.942568 39.074558 10.207702 44.401712
 1448 -9.804988 90.228525 52.699327 7.031577 137.278419
 1449 31.830992 81.980451 63.870570 11.214670 28.848030
 1450 9.102511 103.216957 -10.935134 6.280672 -37.528533
 1453 -26.866153 99.138614 -31.885613 3.081493 38.105915
 1456 -63.325605 68.082639 -51.517130 8.433301 -29.084188
 1457 -32.168449 100.480858 -27.942223 2.773295 -98.068733
 1459 -38.469280 103.536847 -6.807049 2.826939 -17.975201
 1461 3.008178 103.573723 8.192137 7.964533 128.384019
 1462 -21.244029 99.404327 -32.032608 4.051821 103.722168
 1463 38.583713 103.530017 -2.286581 9.932233 -168.554289
 1467 20.528457 99.360346 32.195999 10.543203 177.940811
 1469 -30.895428 92.806938 -47.480302 3.950732 119.018593
 1472 45.968435 101.120093 23.517727 10.280947 -25.656987
 1473 46.232047 74.833243 72.394916 26.433303 -51.115090
 1475 -31.825074 93.697424 -45.938484 3.777672 99.648490
 1477 -26.532418 87.018710 -57.540707 2.979106 93.959420
 1479 -24.828147 102.390882 9.473646 4.377927 167.274817
 1481 -39.143547 97.864564 -36.658554 2.889534 106.986903
 1482 -0.112783 98.337723 35.341466 8.297674 133.941920
 1483 -12.457240 76.142726 4.027047 20.377731 -14.244663
 1485 -9.151232 103.244140 -16.236690 5.075664 139.237994
 1486 -0.363711 101.969498 21.813211 6.876612 146.928372
 1487 -24.025223 102.681043 2.157355 5.156246 56.327301
 1488 12.031708 103.472806 12.523483 9.013546 -29.820868
 1491 -3.936183 103.222249 -15.382380 5.621347 -46.052215
 1494 -1.834837 95.850665 41.762593 7.929660 103.162187
 1498 42.907461 97.267361 38.414355 9.892228 80.781390
 1499 -45.119270 92.944519 -6.428214 2.074208 37.848355
 1501 2.512710 94.649177 42.647282 7.894363 126.306810
 1502 18.601290 103.834836 -9.649537 7.339783 71.161126
 1503 -7.119860 103.287643 -5.069616 5.856406 111.059231
 1506 27.562876 101.006041 26.802333 9.455705 48.172222
 1507 25.154402 90.214046 52.203863 10.267766 -145.098503
 1510 32.793661 74.030509 73.343215 10.636254 161.052087
 1517 14.298635 92.117049 49.537872 10.123216 -15.903466
 1519 6.679900 88.723966 3.866920 6.451499 -13.442282
 1525 -6.801105 103.924114 -9.566767 4.588730 26.808341
 1526 -0.822636 101.923815 -21.835701 4.385925 19.117622
 1529 -42.821974 102.719379 -17.252339 1.881568 146.614915
 1530 -10.677911 79.727713 27.811756 2.444384 15.645728
 1531 23.959100 103.598235 8.412224 8.739406 -95.910396
 1532 -17.324901 90.857569 4.034614 4.516721 -9.143365
 1535 25.665217 89.905588 51.730678 8.168367 18.286885
 1536 32.677786 91.735462 47.720133 10.045615 -9.940956
 1540 -37.501252 103.801039 3.479530 3.406198 37.744842
 1541 -32.984597 97.956993 -34.888882 2.493803 157.943791
 1542 -29.340668 81.383559 -64.700509 29.846928 105.193318
 1544 -10.517241 99.132891 -33.080001 3.967091 96.315407
 1546 36.372736 94.738786 43.865881 9.306768 -104.597179
 1547 0.840606 98.667146 33.860750 5.907591 -130.069506
 1550 -26.788867 91.576694 -49.174827 0.006311 -112.411778
 1551 -1.432593 94.847352 43.434589 9.013886 22.265811
 1552 -12.359633 94.715189 -3.393982 4.587428 -144.349569
 1553 -4.095796 100.940627 -27.118709 5.209263 -1.949701
 1556 -30.106931 102.890403 16.520328 4.197158 -67.200190
 1558 -19.860527 103.384798 7.247933 3.639954 24.181593
 1565 -5.543895 99.586652 -30.925313 4.567574 19.533680
 1566 -42.226642 85.637381 -59.310588 1.489170 158.931263
 1568 7.046926 103.679911 -11.985513 6.465888 92.727023
 1570 12.266966 96.434093 -38.949509 6.095472 -113.908809
 1572 5.730543 91.233018 50.402041 8.057780 -77.538895
 1573 -0.166182 99.925700 29.840656 6.266364 107.418129
 1574 0.062027 102.069029 -21.645484 5.917191 -46.132006
 1575 -28.989313 89.935281 -53.256416 2.658796 -23.256826
 1577 25.305810 102.608004 18.860802 10.424133 9.509323
 1578 16.902898 102.773093 -18.437919 6.071591 150.127487
 1579 1.310644 101.580650 -24.525318 5.507903 -89.621106
 1580 38.664783 103.086588 16.984748 11.103231 61.506666
 1581 2.096170 94.365901 44.599573 6.791667 -161.249293
 1582 55.120943 87.926587 25.639387 9.858043 124.699979
 1585 -18.622763 102.253260 21.555757 5.799445 -66.123191
 1586 -3.958463 95.831296 41.373691 5.450326 -104.687340
 1591 33.429110 103.819808 -0.144778 9.089136 -98.707597
 1593 15.710429 102.154133 21.409975 8.519372 52.172478
 1596 -44.766835 103.494455 -15.305756 1.814917 23.920518
 1597 7.795754 101.835815 22.909619 7.532900 40.256747
 1598 -17.842281 103.720955 -11.615290 4.523682 46.136217
 1599 40.170352 98.054096 35.746501 10.924380 127.194011
 1600 -24.388187 103.209634 -16.280209 4.095746 58.266111
 1602 30.849108 93.052468 47.495130 10.536719 168.605570
 1605 -15.268172 101.950789 21.916275 4.772406 -18.004045
 1606 -14.303276 84.823381 -61.080385 3.619352 -159.141805
 1608 -44.916701 99.035036 -32.919879 2.720785 149.377212
 1609 -41.497236 86.944336 -56.717973 1.090507 170.227386
 1618 -44.647287 86.231718 -58.973976 2.042134 -1.624989
 1619 -8.681412 91.840817 -47.515344 5.771895 97.368176
 1620 7.175576 93.203994 46.423632 7.846097 -53.777237
 1625 -36.046016 103.667382 5.823536 2.646035 -15.518434
 1628 -19.631424 102.609747 -18.414621 4.236029 -58.210804
 1630 -37.446903 90.868831 -51.101884 3.593580 138.156434
 1631 -32.236791 96.539042 -40.160426 2.409787 67.269445
 1632 -8.783433 103.779141 2.631068 5.777438 -50.219763
 1633 -11.678767 101.962283 22.432530 5.311394 5.757938
 1635 -47.382243 91.622738 -48.212419 3.167696 -8.150654
 1636 44.429163 95.095778 42.844878 9.974494 162.292081
 1640 -15.837148 103.549347 -9.303446 4.107228 -18.856332
 1641 -30.501530 103.043029 -16.743279 3.285794 173.815443
 1642 -3.927353 103.717430 11.911193 6.563631 -87.080731
 1643 -14.634542 84.888421 -60.361674 5.644987 -111.931351
 1644 9.991849 100.474946 -27.758906 6.151722 102.764284
 1645 -28.632227 104.556367 1.216462 3.697913 -92.395797
 1649 -4.292158 93.825234 -44.597365 5.413148 34.311267
 1654 -32.032512 77.146359 -70.276279 5.658101 57.872278
 1655 -9.777552 101.253113 -23.623838 4.773103 -69.310889
 1656 20.192301 102.234925 21.708715 8.401492 -96.003505
 1659 43.479207 97.168746 7.314357 10.629672 69.006194
 1660 24.251141 102.163601 -20.424890 8.388561 113.769543
 1661 -12.822046 103.509992 13.702361 5.647672 -24.655505
 1662 -20.211293 87.165320 -57.059318 31.249950 -118.234019
 1665 -25.301676 103.563400 -9.752241 4.073844 -157.819347
 1669 -7.321315 96.052989 40.611380 22.882092 -74.734325
 1674 5.087971 93.285105 -46.755258 5.794283 107.085575
 1678 35.420099 89.860147 2.530592 0.088626 79.893060
 1679 48.677140 82.337708 63.420609 0.088807 75.988333
 1682 -18.676914 98.715959 33.470183 5.853575 -54.363715
 1683 15.240089 103.802842 -9.057779 7.642008 -95.151902
 1686 43.456713 75.475937 71.857810 23.345504 35.035451
 1687 33.322357 90.109711 52.663326 10.688424 79.839753
 1688 3.955616 103.501358 -10.384769 5.694176 90.075108
 1689 -42.106418 103.388774 -10.584591 2.157923 -176.639643
 1690 26.836309 103.283546 13.967101 10.992896 151.151376
 1691 -39.620015 103.194278 -8.390638 2.967347 -11.743679
 1692 -4.062160 95.234085 -42.418994 4.643947 17.952880
 1693 -24.423276 95.032994 -42.572823 6.126703 79.502402
 1694 5.637031 101.405028 -25.213813 5.514729 55.134332
 1695 -29.785165 103.190047 7.440659 3.223043 -2.109299
 1696 20.472706 98.995531 -33.814947 7.290472 138.800901
 1697 28.102937 89.020301 53.740802 10.050826 21.127711
 1701 -6.418562 97.237902 36.631557 5.516101 165.113474
 1702 4.099445 90.709775 51.760139 7.786197 68.977677
 1703 24.554928 99.245231 32.025139 8.233776 -162.444123
 1704 -38.069417 103.099741 -13.013218 2.705938 -98.717434
 1705 30.799160 87.985195 56.031898 9.912520 -4.611353
 1707 -20.684798 100.960891 26.652746 5.528995 -93.579959
 1708 -22.272016 103.011500 -1.686420 3.954225 -3.496222
 1709 20.045532 101.791825 22.906391 6.901801 157.453934
 1710 10.631636 98.030131 -36.068852 5.600151 -152.518605
 1711 3.916207 101.905695 22.150722 7.224776 -36.829171
 1712 -7.337325 89.494830 53.704323 8.020134 26.096838
 1714 39.653148 81.905937 64.215335 0.096841 -51.914718
 1718 35.476617 100.293909 29.117388 11.235222 160.433256
 1719 20.219395 102.961586 -14.719341 6.311696 117.683272
 1720 15.961321 99.900862 30.711005 8.666612 165.177515
 1721 -31.467252 93.735300 -45.806541 2.013853 36.379450
 1723 -35.495014 96.753146 -31.480556 4.275841 -52.720988
 1724 -34.678463 102.402269 -20.361016 3.944678 -58.576676
 1726 -7.394104 98.766970 -33.887353 4.167777 49.139034
 1727 -18.876957 100.985913 26.633855 6.356489 116.621948
 1729 -28.897620 101.952702 -21.419465 3.572808 106.378255
 1730 28.469710 102.875640 15.292015 9.996389 45.917444
 1731 -23.239006 88.529862 -55.568392 3.704397 10.991757
 1733 -46.383949 90.132546 -52.320431 0.917594 36.064166
 1734 -42.898075 103.327549 -13.353099 2.108431 4.459850
 1737 52.599864 59.274904 85.287576 20.639307 -13.852709
 1739 13.917951 95.588433 41.408660 10.039238 96.902734
 1742 28.759793 96.233665 40.510795 11.206341 -150.228059
 1744 -30.441875 98.054688 -36.145981 2.828025 -49.214228
 1745 28.508080 102.156540 22.523925 9.632205 137.582096
 1746 31.707548 99.713440 31.351988 8.991904 94.975550
 1747 40.312600 85.279456 59.855186 0.681621 -133.137691
 1748 -29.650185 104.123161 10.741904 4.913859 -137.556024
 1751 -8.255887 98.776354 32.795405 7.176210 -134.758703
 1752 -35.889706 103.105284 -0.339301 2.939153 13.297264
 1755 28.235447 103.040213 7.331188 7.522220 154.460522
 1758 -3.808187 96.168391 -40.328256 4.444997 -13.237258
 1759 -11.945618 96.031406 -40.845328 4.125268 9.522741
 1762 55.153087 72.404008 70.378525 20.746314 -13.295089
 1764 -42.193243 103.343048 -12.922231 2.503139 166.008956
 1765 1.931060 93.935782 44.198233 26.929964 161.346400
 1767 -0.694981 91.689570 49.803551 7.934450 27.435538
 1771 -16.783604 98.112453 35.493707 6.615308 148.537727
 1775 8.186670 103.257482 -12.215697 7.029462 166.863767
 1776 -3.359112 102.359375 -15.853976 5.448130 72.371804
 1777 29.679374 102.482933 -20.407989 7.705018 -82.997224
 1778 1.176634 101.300131 -6.763475 6.779326 -174.581600
 1783 -0.449042 99.605304 -19.751661 5.975109 109.664081
 1784 41.611891 93.858320 45.676501 8.613686 170.610113
 1792 -34.594897 103.067008 -16.083998 2.656120 -20.267376
 1794 -9.983761 94.377893 -43.812473 4.007446 -69.654954
 1800 0.324573 95.588157 41.571481 5.893623 71.491847
 1803 33.678716 83.410715 17.854884 9.488995 -138.343463
 1805 63.297101 78.692216 46.478278 40.527512 34.432912
 1806 8.901677 86.545265 57.962264 8.084462 -79.970927
 1808 -16.784678 102.960753 14.114485 4.364603 -132.303124
 1810 6.812590 99.968252 29.995761 8.107537 96.297929
 1812 -34.435001 103.617280 -8.475359 3.153874 -175.452319
 1813 -2.955079 96.508023 39.436125 7.860301 -63.027114
 1819 8.778997 93.232499 46.565273 8.473923 -111.459821
 1820 30.036134 93.813937 45.791468 9.153247 139.303101
 1825 41.384493 103.457001 14.575700 11.153196 158.100966
 1827 -26.136487 103.819997 -11.401702 3.971575 -43.930002
 1830 39.818220 95.825100 41.586880 10.760893 150.346761
 1831 40.430528 103.425194 11.737570 9.356527 -168.290041
 1834 -18.159833 99.412874 10.132474 3.773525 89.010085
 1836 7.500805 95.282565 42.597397 9.852671 -37.113265
 1837 44.895339 88.691521 54.929298 7.450210 -96.993543
 1839 -20.801807 100.519707 28.081420 5.698203 82.316560
 1841 5.893516 101.553954 -24.732252 5.744888 35.867227
 1842 -22.517826 103.623611 -3.574129 3.994306 -119.032725
 1843 27.880074 78.961840 67.930532 0.032478 -62.587586
 1845 3.818805 103.934572 -11.362087 6.647832 1.254696
 1846 16.123224 86.270616 58.676034 8.219808 -5.689749
 1850 -63.821677 49.592566 -51.633033 2.105429 -138.849608
 1853 -13.479536 99.163442 -33.317271 4.421175 143.130021
 1855 -44.321949 72.109378 -67.301736 20.726187 -14.058307
 1856 -8.083729 97.423007 -36.699328 4.977682 62.598468
 1859 -22.713089 93.592952 -46.119893 4.295478 163.051950
 1860 7.684617 83.282770 46.893197 20.542202 -14.647509
 1861 -3.498527 104.200236 -5.798739 5.945901 82.012497
 1862 9.705728 100.254857 15.394980 6.939019 -138.461413
 1863 12.470161 95.492487 14.383909 7.903251 -150.570968
 1864 19.847400 103.220312 8.828963 8.049674 -12.460383
 1867 2.090189 97.487740 -36.936902 4.744404 79.462550
 1868 -22.408210 95.028672 -42.785743 3.199263 -53.641576
 1871 34.885268 101.660743 2.213151 9.883200 -129.290732
 1873 4.282834 101.657568 -23.530740 5.823968 -28.632638
 1874 -30.004848 102.678009 -6.497629 2.850506 20.210587
 1875 11.189142 93.550336 -46.082023 6.264528 95.279333
 1876 -17.556611 101.440036 -25.092086 3.499265 70.040211
 1877 5.834706 96.883329 -38.975438 5.705255 -177.357911
 1880 36.135448 96.125311 41.279507 10.919676 -107.171392
 1881 3.087359 86.355764 58.299190 7.959332 -65.874985
 1882 -44.312899 98.415816 -34.754846 1.417241 -14.009189
 1886 -4.641416 98.966704 -31.936805 4.882034 -6.782261
 1888 34.888073 97.618822 37.216108 9.684871 76.381710
 1889 -26.182871 88.323656 -54.506869 0.018655 -143.446378
 1890 6.991629 104.063431 -5.530830 7.389258 90.288457
 1891 -41.106332 86.366652 -58.355006 4.360047 69.501496
 1893 21.909767 71.251631 75.737630 12.220685 125.707573
 1894 35.703861 100.176903 28.924277 10.362942 133.198728
 1895 2.055595 101.371199 -25.871261 6.350051 -55.386090
 1898 -43.864985 103.369794 -13.761173 2.136553 39.162484
 1900 34.439769 103.884005 -9.413872 8.199938 -140.192853
 1902 45.765366 98.359486 33.799096 10.066830 -178.883693
 1906 -4.893087 95.684187 41.542908 7.353367 -84.119681
 1909 16.885956 99.344251 -31.018398 6.122242 42.666636
 1910 -29.400261 91.388810 -28.970651 2.906211 144.911753
 1911 -36.109960 103.271689 -0.964406 3.518553 115.071985
 1916 8.679425 102.932908 16.892050 7.217183 159.984967
 1917 -28.669796 103.448406 10.969641 4.860097 -130.388510
 1918 -29.698826 101.852389 -22.822647 3.070893 170.213071
 1921 10.701645 98.306365 35.103348 9.136869 -104.194371
 1922 -33.000106 99.836741 -30.936672 3.406331 68.416732
 1923 38.526185 93.352775 46.024605 10.194070 127.635819
 1925 -4.181420 93.614701 46.139552 6.133489 -80.939725
 1927 24.758344 77.960422 69.442974 10.296404 96.261389
 1928 3.519527 88.066442 56.168273 6.934119 38.192312
 1931 42.056978 100.121533 29.640412 9.567384 89.494307
 1932 -41.645313 99.589460 -31.291329 3.513043 -7.087905
 1933 6.904822 98.722427 33.813811 9.010164 34.752462
 1934 -12.897710 91.418290 -50.056657 4.387137 123.372204
 1938 -19.044774 102.504449 1.734326 4.861946 -85.421864
 1939 15.552017 99.049731 -32.958154 6.025471 31.629338
 1940 -20.223972 103.980737 -9.801734 4.620856 -150.803075
 1944 -3.840252 91.639970 50.244678 7.738865 38.238385
 1945 -15.742189 98.861693 34.313948 6.809817 -148.790819
 1950 15.883619 102.696657 -18.691052 7.475887 155.690366
 1951 44.212216 71.244839 72.864011 12.080951 115.796174
 1952 9.806758 102.313235 -20.534934 6.754412 -130.026783
 1953 -9.696803 103.390316 15.915909 6.223610 -58.347959
 1955 -13.627639 103.700254 12.338352 5.681650 129.902582
 1958 15.672177 100.042575 30.632422 10.402582 -64.418190
 1959 4.471216 103.698831 8.180066 5.600424 -127.168134
 1961 17.245247 103.498591 4.057987 9.135875 6.105590
 1962 44.791755 102.829941 8.660823 8.895807 153.082367
 1964 8.783131 82.686476 63.641155 8.402831 38.046214
 1966 27.116339 90.295169 52.017287 26.829009 -170.367988
 1968 -39.213681 103.178327 -17.409861 2.715208 -108.740799
 1970 -17.133663 102.981890 -3.712370 4.752555 -2.619281
 1972 15.716163 91.764528 49.806482 8.471187 136.566843
 1974 16.065045 101.850635 -21.678819 5.656744 -22.971873
 1976 14.450109 88.893354 54.881198 11.227010 -40.031835
 1981 26.526788 76.111928 71.462201 28.617516 120.364651
 1982 -46.223254 96.200987 -38.297028 4.367164 -128.883965
 1984 -17.845062 82.525431 -63.047773 0.108248 126.729263
 1985 -31.808197 87.947986 -33.039983 2.687168 36.343947
 1987 29.999937 67.409553 79.604047 2.017353 25.518062
 1990 7.973057 99.914279 29.992484 6.172144 -64.208084
 1991 19.105607 103.105034 -17.686587 6.339743 -102.127172
 1995 17.658666 90.962133 51.261364 8.805826 131.886397
 1997 -27.053845 102.751248 -19.252514 2.938510 35.440799
 1998 -40.345466 93.449293 -46.590329 2.194365 -129.410583
 1999 -35.086429 104.145425 -7.283546 2.932636 -53.374739
